1403809785 4
1403820766 410
1405057109 472
1406166916 477
1406167079 477
1406167442 482
1406167691 480
1406167861 482
1406168683 494
1406169848 488
1406170037 494
1407119489 496
1408034089 497
1408813052 497
1408813107 497
1408813156 497
1418660893 497
1418660927 497
1419094734 497
1419250126 497
1419250455 497
1419252058 497
1419402685 497
1420649257 497
1421574506 522
1424264292 522
1424264319 522
1425016692 522
1425112427 522
1426258915 522
1426316771 522
1426862630 522
1427721889 522
1428158239 522
1428250434 524
1428250472 524
1431372278 524
1431771000 524
1431771017 524
1431771060 524
1431771162 524
1431777536 524
1431879928 526
1432369690 526
1435121886 526
1435121917 526
1436553766 526
1436553786 526
1437333825 337
1437333951 341
1437333977 341
1437334805 328
1437334877 321
1437334953 321
1437335578 320
1438252908 320
1438502286 318
1438502371 316
1438502444 320
1438952001 316
1438953098 317
1438964050 318
1438964201 319
1438964210 320
1438964478 321
1438965259 321
1439056897 321
1439268689 320
1440867961 320
1441349362 321
1442686369 321
1442686430 321
1445088533 321
1447051101 321
1447684172 321
1455971018 321
1457011114 322
1459944289 322
1464002576 322
1464002582 322
1475941089 247
1476002419 248
1477901682 260
1478090934 272
1478095205 272
1478155032 274
1478155174 274
1478425335 279
1478427834 272
1478428001 274
1479104651 274
1481621353 275
1481805282 275
1483066894 275
